第 1 次迭代
矩阵B：
[[ 0.5  -0.25 -0.25 -0.25]
 [ 0.    0.25 -0.5   0.25]
 [ 1.    1.    1.    1.  ]]
矩阵P：
[[1.  0.  0.  0. ]
 [0.  0.5 0.  0.5]
 [0.  0.  1.  0. ]
 [0.  0.5 0.  0.5]]
方向d：
[[-0.   ]
 [-0.125]
 [-0.   ]
 [ 0.125]]
迭代后y值：
[[0.25      ]
 [0.18195862]
 [0.25      ]
 [0.31804138]]
迭代后x值：
[[0.25      ]
 [0.18195862]
 [0.25      ]
 [0.31804138]]
函数取值：
0.18195861825602283
第 2 次迭代
矩阵B：
[[ 0.5        -0.18195862 -0.25       -0.31804138]
 [ 0.          0.18195862 -0.5         0.31804138]
 [ 1.          1.          1.          1.        ]]
矩阵P：
[[ 0.98427261  0.09978535 -0.01048493 -0.07357303]
 [ 0.09978535  0.36689335  0.06652357  0.46679773]
 [-0.01048493  0.06652357  0.99301005 -0.04904869]
 [-0.07357303  0.46679773 -0.04904869  0.65582399]]
方向d：
[[ 0.0181568 ]
 [-0.11519921]
 [ 0.01210454]
 [ 0.08493787]]
迭代后y值：
[[0.26206748]
 [0.17343566]
 [0.25804498]
 [0.30645188]]
迭代后x值：
[[0.25291147]
 [0.12182219]
 [0.24902951]
 [0.37623683]]
函数取值：
0.12182219075991625
第 3 次迭代
矩阵B：
[[ 0.50582293 -0.12182219 -0.24902951 -0.37623683]
 [ 0.          0.12182219 -0.49805902  0.37623683]
 [ 1.          1.          1.          1.        ]]
矩阵P：
[[ 0.95115052  0.18589895 -0.03307398 -0.10397549]
 [ 0.18589895  0.292553    0.12586454  0.39568351]
 [-0.03307398  0.12586454  0.97760697 -0.07039753]
 [-0.10397549  0.39568351 -0.07039753  0.77868951]]
方向d：
[[ 0.02264662]
 [-0.08618274]
 [ 0.01533309]
 [ 0.04820303]]
迭代后y值：
[[0.27126758]
 [0.16906524]
 [0.26439941]
 [0.29526777]]
迭代后x值：
[[0.25778762]
 [0.07738849]
 [0.24740413]
 [0.41741976]]
函数取值：
0.07738849156759581
第 4 次迭代
矩阵B：
[[ 0.51557525 -0.07738849 -0.24740413 -0.41741976]
 [ 0.          0.07738849 -0.49480825  0.41741976]
 [ 1.          1.          1.          1.        ]]
矩阵P：
[[ 0.92300691  0.23799903 -0.05348298 -0.10752296]
 [ 0.23799903  0.26430361  0.1653252   0.33237216]
 [-0.05348298  0.1653252   0.96284823 -0.07469045]
 [-0.10752296  0.33237216 -0.07469045  0.84984125]]
方向d：
[[ 0.01841839]
 [-0.05693443]
 [ 0.01279427]
 [ 0.02572178]]
迭代后y值：
[[0.27670017]
 [0.16746514]
 [0.26854718]
 [0.28728752]]
迭代后x值：
[[0.26355132]
 [0.04788445]
 [0.24548289]
 [0.44308134]]
函数取值：
0.047884448991471866
第 5 次迭代
矩阵B：
[[ 0.52710263 -0.04788445 -0.24548289 -0.44308134]
 [ 0.          0.04788445 -0.49096579  0.44308134]
 [ 1.          1.          1.          1.        ]]
矩阵P：
[[ 0.90590644  0.26466695 -0.06734613 -0.10322726]
 [ 0.26466695  0.25554317  0.18943159  0.29035828]
 [-0.06734613  0.18943159  0.95179797 -0.07388344]
 [-0.10322726  0.29035828 -0.07388344  0.88675242]]
方向d：
[[ 0.01267343]
 [-0.03564791]
 [ 0.00907083]
 [ 0.01390365]]
迭代后y值：
[[0.27951672]
 [0.16697519]
 [0.27112617]
 [0.28238192]]
迭代后x值：
[[0.26950929]
 [0.02925144]
 [0.2434969 ]
 [0.45774237]]
函数取值：
0.029251437289152325
第 6 次迭代
矩阵B：
[[ 0.53901859 -0.02925144 -0.2434969  -0.45774237]
 [ 0.          0.02925144 -0.4869938   0.45774237]
 [ 1.          1.          1.          1.        ]]
矩阵P：
[[ 0.89716909  0.27714527 -0.07587745 -0.09843691]
 [ 0.27714527  0.25305046  0.20450151  0.26530276]
 [-0.07587745  0.20450151  0.94401112 -0.07263518]
 [-0.09843691  0.26530276 -0.07263518  0.90576933]]
方向d：
[[ 0.0081069 ]
 [-0.02184935]
 [ 0.00598196]
 [ 0.00776049]]
迭代后y值：
[[0.28085673]
 [0.16683631]
 [0.27276874]
 [0.27953822]]
迭代后x值：
[[0.27530062]
 [0.01774951]
 [0.24156646]
 [0.46538341]]
函数取值：
0.017749510569484997
第 7 次迭代
矩阵B：
[[ 0.55060123 -0.01774951 -0.24156646 -0.46538341]
 [ 0.          0.01774951 -0.48313292  0.46538341]
 [ 1.          1.          1.          1.        ]]
矩阵P：
[[ 0.89349405  0.28219391 -0.08091949 -0.09476847]
 [ 0.28219391  0.25231027  0.21440106  0.25109476]
 [-0.08091949  0.21440106  0.9385202  -0.07200177]
 [-0.09476847  0.25109476 -0.07200177  0.91567548]]
方向d：
[[ 0.0050088 ]
 [-0.01327113]
 [ 0.00380551]
 [ 0.00445681]]
迭代后y值：
[[0.28140328]
 [0.16679511]
 [0.27385912]
 [0.27794249]]
迭代后x值：
[[0.28075528]
 [0.01072905]
 [0.23974824]
 [0.46876743]]
函数取值：
0.010729050651817272
第 8 次迭代
矩阵B：
[[ 0.56151056 -0.01072905 -0.23974824 -0.46876743]
 [ 0.          0.01072905 -0.47949648  0.46876743]
 [ 1.          1.          1.          1.        ]]
矩阵P：
[[ 0.89264868  0.28337249 -0.08380861 -0.09221257]
 [ 0.28337249  0.25198895  0.22122741  0.24341114]
 [-0.08380861  0.22122741  0.93457106 -0.07198987]
 [-0.09221257  0.24341114 -0.07198987  0.9207913 ]]
方向d：
[[ 0.00304032]
 [-0.00802545]
 [ 0.00237356]
 [ 0.00261157]]
迭代后y值：
[[0.28152767]
 [0.16677724]
 [0.27461348]
 [0.27708162]]
迭代后x值：
[[0.28580381]
 [0.00647019]
 [0.2380654 ]
 [0.46966061]]
函数取值：
0.006470190480746079
第 9 次迭代
矩阵B：
[[ 0.57160761 -0.00647019 -0.2380654  -0.46966061]
 [ 0.          0.00647019 -0.4761308   0.46966061]
 [ 1.          1.          1.          1.        ]]
矩阵P：
[[ 0.89330426  0.28255276 -0.08539404 -0.09046299]
 [ 0.28255276  0.25174084  0.22614138  0.23956502]
 [-0.08539404  0.22614138  0.9316548  -0.07240214]
 [-0.09046299  0.23956502 -0.07240214  0.9233001 ]]
方向d：
[[ 0.00182817]
 [-0.00484138]
 [ 0.00146318]
 [ 0.00155003]]
迭代后y值：
[[0.28143125]
 [0.16676344]
 [0.27515603]
 [0.27664928]]
迭代后x值：
[[0.29042883]
 [0.00389599]
 [0.23652372]
 [0.46915146]]
函数取值：
0.0038959851692349063
第 10 次迭代
矩阵B：
[[ 0.58085766 -0.00389599 -0.23652372 -0.46915146]
 [ 0.          0.00389599 -0.47304745  0.46915146]
 [ 1.          1.          1.          1.        ]]
矩阵P：
[[ 0.8947011   0.28074226 -0.08619808 -0.08924527]
 [ 0.28074226  0.25150012  0.22981668  0.23794094]
 [-0.08619808  0.22981668  0.92943792 -0.07305652]
 [-0.08924527  0.23794094 -0.07305652  0.92436086]]
方向d：
[[ 0.00109377]
 [-0.00291614]
 [ 0.00089536]
 [ 0.00092701]]
迭代后y值：
[[0.28122483]
 [0.16675005]
 [0.27556076]
 [0.27646436]]
迭代后x值：
[[0.2946396 ]
 [0.00234359]
 [0.23512013]
 [0.46789668]]
函数取值：
0.0023435865571362104
第 11 次迭代
矩阵B：
[[ 0.5892792  -0.00234359 -0.23512013 -0.46789668]
 [ 0.          0.00234359 -0.47024027  0.46789668]
 [ 1.          1.          1.          1.        ]]
矩阵P：
[[ 0.89641361  0.27849309 -0.08653917 -0.08836753]
 [ 0.27849309  0.25126842  0.23266146  0.23757703]
 [-0.08653917  0.23266146  0.92770259 -0.07382488]
 [-0.08836753  0.23757703 -0.07382488  0.92461538]]
方向d：
[[ 0.00065267]
 [-0.00175472]
 [ 0.00054526]
 [ 0.00055678]]
迭代后y值：
[[0.28096988]
 [0.16673716]
 [0.27587316]
 [0.2764198 ]]
迭代后x值：
[[0.29845839]
 [0.00140879]
 [0.2338472 ]
 [0.46628562]]
函数取值：
0.0014087901956855813
第 12 次迭代
矩阵B：
[[ 0.59691677 -0.00140879 -0.2338472  -0.46628562]
 [ 0.          0.00140879 -0.46769441  0.46628562]
 [ 1.          1.          1.          1.        ]]
矩阵P：
[[ 0.89820852  0.27610886 -0.08661075 -0.08770663]
 [ 0.27610886  0.25105618  0.23493119  0.23790378]
 [-0.08661075  0.23493119  0.926306   -0.07462645]
 [-0.08770663  0.23790378 -0.07462645  0.9244293 ]]
方向d：
[[ 0.00038898]
 [-0.0010551 ]
 [ 0.00033097]
 [ 0.00033516]]
迭代后y值：
[[0.28070039]
 [0.16672536]
 [0.27612187]
 [0.27645239]]
迭代后x值：
[[0.30191314]
 [0.00084645]
 [0.23269562]
 [0.46454478]]
函数取值：
0.0008464537223673432
第 13 次迭代
矩阵B：
[[ 6.03826288e-01 -8.46453722e-04 -2.32695619e-01 -4.64544784e-01]
 [ 0.00000000e+00  8.46453722e-04 -4.65391237e-01  4.64544784e-01]
 [ 1.00000000e+00  1.00000000e+00  1.00000000e+00  1.00000000e+00]]
矩阵P：
[[ 0.89996229  0.27375404 -0.08652992 -0.0871864 ]
 [ 0.27375404  0.25086979  0.23678986  0.23858631]
 [-0.08652992  0.23678986  0.92515395 -0.07541388]
 [-0.0871864   0.23858631 -0.07541388  0.92401397]]
方向d：
[[ 0.00023172]
 [-0.0006341 ]
 [ 0.00020043]
 [ 0.00020195]]
迭代后y值：
[[0.28043477]
 [0.166715  ]
 [0.27632525]
 [0.27652498]]
迭代后x值：
[[0.30503358]
 [0.00050841]
 [0.23165547]
 [0.46280254]]
函数取值：
0.0005084071883022785
第 14 次迭代
矩阵B：
[[ 6.10067168e-01 -5.08407188e-04 -2.31655472e-01 -4.62802537e-01]
 [ 0.00000000e+00  5.08407188e-04 -4.63310944e-01  4.62802537e-01]
 [ 1.00000000e+00  1.00000000e+00  1.00000000e+00  1.00000000e+00]]
矩阵P：
[[ 0.90161358  0.27151404 -0.08636723 -0.08676038]
 [ 0.27151404  0.25071092  0.23834504  0.23943   ]
 [-0.08636723  0.23834504  0.92418365 -0.07616146]
 [-0.08676038  0.23943    -0.07616146  0.92349185]]
方向d：
[[ 0.00013804]
 [-0.00038094]
 [ 0.00012118]
 [ 0.00012173]]
迭代后y值：
[[0.28018253]
 [0.16670617]
 [0.27649534]
 [0.27661595]]
迭代后x值：
[[3.07849090e-01]
 [3.05289956e-04]
 [2.30716970e-01]
 [4.61128650e-01]]
函数取值：
0.00030528995621821077
第 15 次迭代
矩阵B：
[[ 6.15698179e-01 -3.05289956e-04 -2.30716970e-01 -4.61128650e-01]
 [ 0.00000000e+00  3.05289956e-04 -4.61433940e-01  4.61128650e-01]
 [ 1.00000000e+00  1.00000000e+00  1.00000000e+00  1.00000000e+00]]
矩阵P：
[[ 0.90313589  0.26942917 -0.08616482 -0.08640024]
 [ 0.26942917  0.25057819  0.23966891  0.24032373]
 [-0.08616482  0.23966891  0.92335267 -0.07685675]
 [-0.08640024  0.24032373 -0.07685675  0.92293326]]
方向d：
[[ 8.22540204e-05]
 [-2.28790952e-04]
 [ 7.31685097e-05]
 [ 7.33684218e-05]]
迭代后y值：
[[0.27994812]
 [0.16669879]
 [0.27664015]
 [0.27671294]]
迭代后x值：
[[3.10387662e-01]
 [1.83287984e-04]
 [2.29870779e-01]
 [4.59558271e-01]]
函数取值：
0.00018328798403939125
第 16 次迭代
矩阵B：
[[ 6.20775323e-01 -1.83287984e-04 -2.29870779e-01 -4.59558271e-01]
 [ 0.00000000e+00  1.83287984e-04 -4.59741559e-01  4.59558271e-01]
 [ 1.00000000e+00  1.00000000e+00  1.00000000e+00  1.00000000e+00]]
矩阵P：
[[ 0.90452183  0.26751425 -0.08594755 -0.08608853]
 [ 0.26751425  0.25046874  0.24081101  0.241206  ]
 [-0.08594755  0.24081101  0.92263172 -0.07749518]
 [-0.08608853  0.241206   -0.07749518  0.92237771]]
方向d：
[[ 4.90321477e-05]
 [-1.37380073e-04]
 [ 4.41377650e-05]
 [ 4.42101607e-05]]
迭代后y值：
[[0.2797331 ]
 [0.16669271]
 [0.27676514]
 [0.27680905]]
迭代后x值：
[[3.12675430e-01]
 [1.10026186e-04]
 [2.29108190e-01]
 [4.58106354e-01]]
函数取值：
0.00011002618577658618
第 17 次迭代
矩阵B：
[[ 6.25350860e-01 -1.10026186e-04 -2.29108190e-01 -4.58106354e-01]
 [ 0.00000000e+00  1.10026186e-04 -4.58216380e-01  4.58106354e-01]
 [ 1.00000000e+00  1.00000000e+00  1.00000000e+00  1.00000000e+00]]
矩阵P：
[[ 0.90577415  0.26576992 -0.08572982 -0.08581425]
 [ 0.26576992  0.25037926  0.24180635  0.24204447]
 [-0.08572982  0.24180635  0.92200014 -0.07807667]
 [-0.08581425  0.24204447 -0.07807667  0.92184645]]
方向d：
[[ 2.92416504e-05]
 [-8.24779107e-05]
 [ 2.66050306e-05]
 [ 2.66312297e-05]]
迭代后y值：
[[0.27953746]
 [0.16668774]
 [0.27687417]
 [0.27690063]]
迭代后x值：
[[3.14736476e-01]
 [6.60409059e-05]
 [2.28421175e-01]
 [4.56776308e-01]]
函数取值：
6.604090587436514e-05
第 18 次迭代
矩阵B：
[[ 6.29472952e-01 -6.60409059e-05 -2.28421175e-01 -4.56776308e-01]
 [ 0.00000000e+00  6.60409059e-05 -4.56842349e-01  4.56776308e-01]
 [ 1.00000000e+00  1.00000000e+00  1.00000000e+00  1.00000000e+00]]
矩阵P：
[[ 0.90690065  0.26418928 -0.08551969 -0.08557025]
 [ 0.26418928  0.2503065   0.24268037  0.24282385]
 [-0.08551969  0.24268037  0.92144288 -0.07860356]
 [-0.08557025  0.24282385 -0.07860356  0.92134996]]
方向d：
[[ 1.74472993e-05]
 [-4.95104376e-05]
 [ 1.60268315e-05]
 [ 1.60363069e-05]]
迭代后y值：
[[0.27936036]
 [0.1666837 ]
 [0.27697   ]
 [0.27698594]]
迭代后x值：
[[3.16592821e-01]
 [3.96365038e-05]
 [2.27802393e-01]
 [4.55565150e-01]]
函数取值：
3.9636503816658706e-05
第 19 次迭代
矩阵B：
[[ 6.33185641e-01 -3.96365038e-05 -2.27802393e-01 -4.55565150e-01]
 [ 0.00000000e+00  3.96365038e-05 -4.55604786e-01  4.55565150e-01]
 [ 1.00000000e+00  1.00000000e+00  1.00000000e+00  1.00000000e+00]]
矩阵P：
[[ 0.90791131  0.26276173 -0.08532137 -0.08535166]
 [ 0.26276173  0.25024755  0.24345216  0.24353857]
 [-0.08532137  0.24345216  0.92094864 -0.07907942]
 [-0.08535166  0.24353857 -0.07907942  0.92089251]]
方向d：
[[ 1.04149561e-05]
 [-2.97175660e-05]
 [ 9.64959233e-06]
 [ 9.65301748e-06]]
迭代后y值：
[[0.27920057]
 [0.16668042]
 [0.2770547 ]
 [0.27706431]]
迭代后x值：
[[3.18264501e-01]
 [2.37876078e-05]
 [2.27245166e-01]
 [4.54466545e-01]]
函数取值：
2.3787607824099698e-05
第 20 次迭代
矩阵B：
[[ 6.36529001e-01 -2.37876078e-05 -2.27245166e-01 -4.54466545e-01]
 [ 0.00000000e+00  2.37876078e-05 -4.54490333e-01  4.54466545e-01]
 [ 1.00000000e+00  1.00000000e+00  1.00000000e+00  1.00000000e+00]]
矩阵P：
[[ 0.9088167   0.26147514 -0.08513685 -0.08515499]
 [ 0.26147514  0.25019987  0.24413648  0.24418851]
 [-0.08513685  0.24413648  0.92050865 -0.07950829]
 [-0.08515499  0.24418851 -0.07950829  0.92047477]]
方向d：
[[ 6.21986799e-06]
 [-1.78359514e-05]
 [ 5.80742292e-06]
 [ 5.80866046e-06]]
迭代后y值：
[[0.27905666]
 [0.16667777]
 [0.27712989]
 [0.27713567]]
迭代后x值：
[[3.19769691e-01]
 [1.42752970e-05]
 [2.26743436e-01]
 [4.53472597e-01]]
函数取值：
1.4275297022180195e-05
